%YAML:1.0
Cameras:
   - Camera  0
Projectors:
   - Projector  0
Camera  0:
   imageWidth: 640
   imageHeight: 480
   responseGamma: 0.
   cameraMatrix: !!opencv-matrix
      rows: 3
      cols: 3
      dt: d
      data: [ 7.9888105531825056e+02, 0., 3.2864759935940873e+02, 0.,
          7.9908631868413840e+02, 2.4695428929757159e+02, 0., 0., 1. ]
   distortionCoeffs: !!opencv-matrix
      rows: 1
      cols: 4
      dt: d
      data: [ -9.9353919073680949e-02, 4.5539153261298321e-01,
          -2.1095459225212755e-03, -1.1334440184457928e-03 ]
   extrParams: !!opencv-matrix
      rows: 15
      cols: 6
      dt: d
      data: [ -2.1161717555578560e-01, 1.0741578245757294e-01,
          -5.4438244901117219e-02, -1.5089302870065771e+02,
          -9.8415172410075712e+01, 6.1107341347801776e+02,
          -1.2184745588344638e-01, 2.0512870809474076e-01,
          1.3971836325854903e+00, 1.4116642474775222e+02,
          -1.6344318158023617e+02, 5.9358975511100277e+02,
          -8.5959579223655269e-02, 2.6217348750746422e-01,
          1.4593569251152152e+00, 1.1813389425694146e+01,
          -1.4077610494394946e+02, 6.0228505640254696e+02,
          1.1378523749725772e-01, -1.5673864320078348e-01,
          3.0167435945881511e+00, 1.1315969840647182e+02,
          6.0946690209082711e+01, 5.6248600626456039e+02,
          1.2421936192079262e-01, -1.5308986237176486e-01,
          2.9697834272492303e+00, 1.0291056239394969e+02,
          7.0258656281890538e+01, 5.4150777442048309e+02,
          -1.6451410634411801e-01, 1.1493719970451507e-02,
          -1.6739560031016967e+00, -1.0600445744283171e+02,
          1.2658605152917443e+02, 5.6849315906299501e+02,
          -1.2678926847301689e-01, -6.3076388802964754e-03,
          -1.6909161490401874e+00, -2.3751238646039425e+01,
          1.1748164343101010e+02, 5.6026745888912774e+02,
          1.5291881905049728e-01, -2.1541128836095988e-01,
          3.0638833576325974e+00, 1.2930545405648661e+02,
          6.9310473210017221e+01, 3.8961878735383431e+02,
          -2.2204457791534232e-01, 7.7689347782385273e-02,
          -1.7617352624990965e-01, -1.5950855981780759e+02,
          -1.0148065855360011e+02, 6.1002749335034889e+02,
          -2.3446076913114927e-01, -1.1285634120195766e-01,
          -1.7270251818239999e+00, -1.3403622239895975e+02,
          1.1867314285087410e+02, 5.6172672304058494e+02,
          -1.9237439289106556e-01, -1.4617293843006743e-01,
          -1.6508126760094632e+00, -6.4241297060543072e+00,
          9.6172778548640352e+01, 5.4779361157790629e+02,
          -2.0668676931330091e-01, -1.4425236921884854e-01,
          -1.6623957982631437e+00, -2.0233370413714486e+01,
          1.0659146044001730e+02, 5.4673197393090186e+02,
          1.0752647090236223e-01, -9.0954121027719839e-02,
          3.0378661916937544e+00, 1.2055585128124210e+02,
          7.3344313845850763e+01, 5.5793910614076583e+02,
          6.3004533078270197e-02, 8.7988061144766339e-01,
          2.9205171776158854e+00, 1.1508067010994893e+02,
          7.2498910705158565e+01, 4.6780059319866990e+02,
          1.2332151494913980e-01, 5.6718798610173440e-02,
          3.0826424813150530e+00, 1.0676271404873745e+02,
          8.0917080096258445e+01, 5.5673303689800980e+02 ]
   reprojErrs: !!opencv-matrix
      rows: 1
      cols: 15
      dt: d
      data: [ 3.9752917996357212e-01, 4.2926700094307424e-01,
          3.7525814136366170e-01, 2.8540272897174934e-01,
          4.8487815582313465e-01, 2.8567788815236017e-01,
          2.9223942726875335e-01, 6.8044428318175931e-01,
          3.8319448167789510e-01, 2.9966152380111449e-01,
          2.3891608655772456e-01, 3.6310849860664329e-01,
          2.7942108666647431e-01, 4.7781173696871798e-01,
          2.7162794248645511e-01 ]
   avgReprojErr: 3.7612461136095526e-01
   R: !!opencv-matrix
      rows: 3
      cols: 3
      dt: d
      data: [ 1., 0., 0., 0., 1., 0., 0., 0., 1. ]
   T: !!opencv-matrix
      rows: 3
      cols: 1
      dt: d
      data: [ 0., 0., 0. ]
   E: !!opencv-matrix
      rows: 3
      cols: 3
      dt: d
      data: [ 0., 0., 0., 0., 0., 0., 0., 0., 0. ]
   F: !!opencv-matrix
      rows: 3
      cols: 3
      dt: d
      data: [ 0., 0., 0., 0., 0., 0., 0., 0., 0. ]
   avgEpipolarErr: 0.
   colorOrder: BGR
   avgColorErr: 0.
   colorR2: 1.
Projector  0:
   imageWidth: 800
   imageHeight: 600
   responseGamma: 2.2000000000000002e+00
   cameraMatrix: !!opencv-matrix
      rows: 3
      cols: 3
      dt: d
      data: [ 1.4662099191201266e+03, 0., 4.0263738567782309e+02, 0.,
          1.4432543228815894e+03, 7.8407441574250163e+02, 0., 0., 1. ]
   distortionCoeffs: !!opencv-matrix
      rows: 1
      cols: 4
      dt: d
      data: [ -1.5987669405462071e-01, 4.4640544157199064e-02,
          -2.9348777772000290e-02, 8.3513681541911298e-04 ]
   extrParams: !!opencv-matrix
      rows: 15
      cols: 6
      dt: d
      data: [ -1.4738108043538733e-03, -2.9172695922321627e-02,
          4.8319030558916204e-02, -1.3763088653623879e+02,
          -2.9965781444234193e+02, 6.0208314220008356e+02,
          -1.7322907091964754e-02, -5.3877202551008987e-02,
          1.5077403965441250e+00, 1.6135996217745139e+02,
          -3.3179032038682772e+02, 6.0749289495233052e+02,
          -1.1971290764688853e-02, -1.0418362794399987e-02,
          1.5729242582031699e+00, 2.8674435957794895e+01,
          -3.2438540803432670e+02, 6.0687482351685946e+02,
          2.3818682505481161e-02, 5.3897778128044871e-01,
          -3.0885479410308445e+00, 1.0928263720552276e+02,
          -1.0993025751692066e+02, 6.2322103345195262e+02,
          -2.6662608550390415e-02, -5.2872864886994109e-01,
          3.0551544283910412e+00, 1.0006145734615251e+02,
          -9.7821756572369296e+01, 6.0513277213312040e+02,
          8.2937902834303537e-02, 1.0292663072482237e-01,
          -1.5589580576793836e+00, -1.1575779552952474e+02,
          -6.7022943099364326e+01, 6.1250039199836385e+02,
          1.3553541920932727e-01, 7.9600434846493540e-02,
          -1.5773997385678078e+00, -3.2571375179350362e+01,
          -6.6018843827671063e+01, 6.1124379429384032e+02,
          3.9176655392894486e-02, 5.8433945240153606e-01,
          -3.0252792540551758e+00, 1.4184480340448161e+02,
          -6.4482943100662638e+01, 4.6293505036248183e+02,
          -1.6832377087196452e-03, -4.4368911102568652e-02,
          -7.5015441799438462e-02, -1.4585542180269948e+02,
          -3.0329677763538200e+02, 5.9888866344991777e+02,
          3.6020247893798631e-02, -1.9524589019319034e-02,
          -1.6305422690165028e+00, -1.4199480895486869e+02,
          -7.6572258788355001e+01, 6.0250837279924110e+02,
          1.0038005971885304e-01, -4.1789630531565765e-02,
          -1.5575044937881408e+00, -1.1261324187891914e+01,
          -8.4835214766820798e+01, 6.0836065896330149e+02,
          5.7473923054234100e-02, -5.7022594340228050e-02,
          -1.5677189063006385e+00, -2.6519796281301961e+01,
          -7.4222824528450246e+01, 5.9929444258648994e+02,
          4.3952480375157074e-02, 4.6252279421721326e-01,
          -3.0857573905323461e+00, 1.1530696850100595e+02,
          -9.6127792968347009e+01, 6.2256334287015056e+02,
          -1.4829809558338153e-01, 5.8111411967329962e-01,
          3.0673472288916930e+00, 1.1959114572798944e+02,
          -7.7624727332664634e+01, 5.3133762138205770e+02,
          4.5673106893542842e-02, 2.7811718730093371e-01,
          -3.0688913270226510e+00, 1.0088128540087305e+02,
          -8.9544369122744513e+01, 6.2019481424729736e+02 ]
   reprojErrs: !!opencv-matrix
      rows: 1
      cols: 15
      dt: d
      data: [ 2.2635045053052858e+00, 2.5267906905854165e+00,
          2.3400118515636530e+00, 2.7179767590396131e+00,
          2.4932679090598451e+00, 2.5162043979816184e+00,
          2.4304935212298862e+00, 3.2265128532635496e+00,
          2.5269076419423295e+00, 2.5212375170510390e+00,
          2.1392771478801658e+00, 2.3537293595148108e+00,
