%YAML:1.0
Cameras:
   - Logitech
Projectors:
   - Samsung
Logitech:
   imageWidth: 1712
   imageHeight: 960
   responseGamma: 0.
   cameraMatrix: !!opencv-matrix
      rows: 3
      cols: 3
      dt: d
      data: [ 1.1518417137775518e+03, 0., 8.1411940120550787e+02, 0.,
          1.1700478446085490e+03, 5.8452968394724178e+02, 0., 0., 1. ]
   distortionCoeffs: !!opencv-matrix
      rows: 1
      cols: 4
      dt: d
      data: [ 5.7821159668655989e-02, -1.5604603766982733e-01,
          -4.9733011868474813e-03, -6.4240125326547656e-03 ]
   extrParams: !!opencv-matrix
      rows: 10
      cols: 6
      dt: d
      data: [ -1.5684015658829994e-01, 9.7272282682478084e-01,
          2.8808717791070246e+00, 1.6364867342344954e+02,
          -6.2267780754755343e+01, 5.8375339605594957e+02,
          8.0088621648773239e-03, -7.1256442466985093e-01,
          -2.9488351283091547e+00, 9.5448394245405026e+01,
          1.9863758136805057e+01, 4.9551588206869724e+02,
          -3.0665356466921201e-01, -7.4550330579269586e-01,
          -2.0415695185228349e+00, -6.2489514211929688e+01,
          8.7790036380172253e+01, 4.4541057414889360e+02,
          -4.6293391925531330e-01, -5.6311596658185814e-01,
          -1.4703140744708363e+00, -2.1059777990048826e+02,
          3.9999989068812333e+01, 4.7064557359315592e+02,
          -4.4248441711253195e-01, 7.4529680911001650e-02,
          2.8882034094845715e-01, -2.0446329368656052e+02,
          -2.8309031591267745e+02, 6.3620877446885629e+02,
          -4.9502284153442916e-01, 5.2165214349898736e-01,
          1.4129596653967793e+00, 6.8729372112294868e+01,
          -3.2045413074606063e+02, 7.3538543238924058e+02,
          -4.0906337445196272e-01, 4.8745660300156018e-01,
          1.2093869700415081e+00, -4.3422250739658956e+00,
          -3.5187801585470146e+02, 7.1135955521643746e+02,
          -6.6892949732682083e-01, 2.7934235182464066e-02,
          2.8096913541933616e-01, -2.6912364404251298e+02,
          -2.0897328245443404e+02, 6.6185793055022179e+02,
          -5.7958991926992676e-01, -4.0342057824700939e-01,
          -9.6698426916720170e-01, -2.4400430270309317e+02,
          -4.7896380030880600e+01, 5.3521698285201524e+02,
          -5.8584463507040185e-01, -3.8712231130186986e-01,
          -9.1819884898511328e-01, -2.6030452141573903e+02,
          -6.2178615728735693e+01, 5.4556833468080640e+02 ]
   reprojErrs: !!opencv-matrix
      rows: 1
      cols: 10
      dt: d
      data: [ 1.4546975908148161e+00, 8.8801035018347529e-01,
          1.0970252588373390e+00, 1.1154073710368324e+00,
          8.5619656325253757e-01, 1.5356957250572898e+00,
          1.5297582475409137e+00, 5.4580273897272436e-01,
          1.1840208653948758e+00, 1.2273771095807013e+00 ]
   avgReprojErr: 1.1995321732531636e+00
   R: !!opencv-matrix
      rows: 3
      cols: 3
      dt: d
      data: [ 1., 0., 0., 0., 1., 0., 0., 0., 1. ]
   T: !!opencv-matrix
      rows: 3
      cols: 1
      dt: d
      data: [ 0., 0., 0. ]
   E: !!opencv-matrix
      rows: 3
      cols: 3
      dt: d
      data: [ 0., 0., 0., 0., 0., 0., 0., 0., 0. ]
   F: !!opencv-matrix
      rows: 3
      cols: 3
      dt: d
      data: [ 0., 0., 0., 0., 0., 0., 0., 0., 0. ]
   avgEpipolarErr: 0.
   colorOrder: BGR
   avgColorErr: 0.
   colorR2: 1.
Samsung:
   imageWidth: 1280
   imageHeight: 800
   responseGamma: 2.2000000000000002e+00
   cameraMatrix: !!opencv-matrix
      rows: 3
      cols: 3
      dt: d
      data: [ 2.3761894006226339e+03, 0., 5.6491424569037906e+02, 0.,
          2.3758184373310628e+03, 2.5943042860073427e+02, 0., 0., 1. ]
   distortionCoeffs: !!opencv-matrix
      rows: 1
      cols: 4
      dt: d
      data: [ 2.2898414804078110e-01, -2.9506836905111489e+00,
          3.9377795300339115e-02, -4.3781117214753708e-04 ]
   extrParams: !!opencv-matrix
      rows: 10
      cols: 6
      dt: d
      data: [ 1.7660414599261351e-01, 2.1631062975245449e-01,
          -1.6405450860050046e+00, -2.8938561517420755e+01,
          3.0704856029847014e+02, 1.1635619047752164e+03,
          -3.9258168139579058e-03, 3.5366323431637087e-01,
          -1.3880506758283382e+00, -1.4319354324374621e+02,
          2.3651252144665372e+02, 1.1280938097796500e+03,
          2.4439434473595506e-01, 7.1209266124230369e-02,
          -5.3605029328876852e-01, -2.2157745217119700e+02,
          7.7541025986775935e+01, 1.1023391968732788e+03,
          2.3845806999817651e-01, -7.5747747839879980e-03,
          6.9417564076630564e-02, -1.5980391451980097e+02,
          -6.5425727264149288e+01, 1.0679322541340764e+03,
          3.7989561466896615e-01, 4.0611297095366143e-02,
          1.9211778078977737e+00, 1.8901147229027598e+02,
          -2.5559264012747963e+01, 9.7791640778883823e+02,
          2.3607010627886619e-02, -9.4877912337543863e-02,
          3.1105970149632003e+00, 2.7058394256822703e+02,
          2.3732626287413115e+02, 1.0967117717466310e+03,
          1.8613290246198141e-01, 9.1141862108974764e-02,
          2.9181849546935466e+00, 2.8098055354251272e+02,
          1.7034353010869111e+02, 1.0250771565938219e+03,
          1.6638404948206229e-01, -2.0958175268555176e-01,
          1.8885053486660051e+00, 1.5600479229585216e+02,
          -1.0469759694253979e+02, 1.0620751022565903e+03,
          2.4286500365372002e-01, -9.0566272066668091e-02,
          5.9063881346402403e-01, -5.0879269912621901e+01,
          -9.0543597942799281e+01, 1.0519954447137743e+03,
          2.3773612542839861e-01, -9.0571349500872450e-02,
          6.3955245311211539e-01, -3.3239413847784185e+01,
          -1.0554926082671734e+02, 1.0516293669434635e+03 ]
   reprojErrs: !!opencv-matrix
      rows: 1
      cols: 10
      dt: d
      data: [ 1.3440726305745594e+00, 1.6409937629536293e+00,
          1.4421445781459994e+00, 1.5941384914387799e+00,
          2.0363664169676321e+00, 2.2348847435535184e+00,
          1.8477488177217098e+00, 1.0966022811132323e+00,
          2.0772033874314015e+00, 2.2455111354798540e+00 ]
   avgReprojErr: 1.8254326051330356e+00
   R: !!opencv-matrix
      rows: 3
      cols: 3
      dt: d
      data: [ -5.0180739931508678e-02, -7.8262462330137883e-01,
          6.2046804296619618e-01, 9.8124805961568995e-01,
          -1.5439567965974557e-01, -1.1538725927436164e-01,
          1.8610249552429389e-01, 6.0304284516506812e-01,
          7.7569658246949247e-01 ]
   T: !!opencv-matrix
      rows: 3
      cols: 1
      dt: d
      data: [ -4.3372257434418526e+02, 2.0366241036687651e+02,
          7.1282267044069272e+02 ]
   E: !!opencv-matrix
      rows: 3
      cols: 3
      dt: d
      data: [ -6.6155377940623566e+02, 2.3287390008038244e+02,
          2.4023088998986850e+02, 4.4946884408006049e+01,
          -2.9631927868949475e+02, 7.7872080596892931e+02,
          -4.1536950403830917e+02, 2.2635610884367259e+02,
          -7.6319958047118121e+01 ]
   F: !!opencv-matrix
      rows: 3
      cols: 3
      dt: d
      data: [ 1.8015496240502183e-06, -6.2429674788196507e-07,
          -1.8552903023969643e-03, -1.2241890019804910e-07,
          7.9450744248456751e-07, -2.8077495503587221e-03,
          1.7018368234627814e-03, -1.2953731293564197e-03, 1. ]
   avgEpipolarErr: 2.8914601677653473e+00
   colorOrder: BGR
   avgColorErr: 0.
   colorR2: 1.
