%YAML:1.0
Cameras:
   - Eye Cam
Projectors:
   - Samsung
Eye Cam:
   imageWidth: 640
   imageHeight: 480
   responseGamma: 0.
   cameraMatrix: !!opencv-matrix
      rows: 3
      cols: 3
      dt: d
      data: [ 7.8743687873412580e+02, 0., 2.5211554582413180e+02, 0.,
          7.8915521859872865e+02, 2.0587007458533935e+02, 0., 0., 1. ]
   distortionCoeffs: !!opencv-matrix
      rows: 1
      cols: 4
      dt: d
      data: [ -2.1241522779983039e-02, 9.7616329441043547e-03,
          -1.7208330061100386e-02, -1.8893161194121631e-02 ]
   extrParams: !!opencv-matrix
      rows: 8
      cols: 6
      dt: d
      data: [ -3.1520148756233807e-01, 1.7176852569253978e-01,
          3.2401400524586177e-02, -1.5105881028927180e+02,
          -1.3788891546022788e+02, 1.0627931981922168e+03,
          -2.5934106535663820e-01, 3.1052874937659231e-01,
          8.6396668588544567e-01, 5.5246814399737623e+01,
          -2.0933765700074025e+02, 1.0501584065453649e+03,
          -1.9341392827512729e-01, 3.6248309858874789e-01,
          1.5401682838273982e+00, 3.8758056689189294e+02,
          -1.8828744733815338e+02, 1.0045579116273416e+03,
          -1.0005710594398538e-01, 3.9297580425926049e-01,
          1.6555156923501835e+00, 2.0878560267422191e+01,
          -1.7473071127045748e+02, 1.0471101168342768e+03,
          1.6966291402420750e-01, 4.5849023839260261e-01,
          2.8714590425519826e+00, 1.9762502078260434e+02,
          1.0014651072528534e+02, 9.2852284977329066e+02,
          -2.0115713327702484e-01, -4.7966434572076960e-01,
          -3.0606795661495045e+00, 3.3620456898903370e+02,
          1.8946285933520923e+02, 8.8063494105605855e+02,
          -2.3631825002590626e-01, -1.8564450923595335e-01,
          -3.0586446724797862e+00, 2.6816027685411223e+02,
          1.4103255338073501e+02, 8.4504927907585534e+02,
          -2.6002677856272105e-01, -1.0014945570104763e+00,
          -2.8663245916232492e+00, 2.5537601829971123e+02,
          1.1478125481224443e+02, 7.3983462682149980e+02 ]
   reprojErrs: !!opencv-matrix
      rows: 1
      cols: 8
      dt: d
      data: [ 4.6025101674871144e-01, 4.6514608573800165e-01,
          4.0221672721651724e-01, 5.0060789117089899e-01,
          4.5015259743679220e-01, 3.4521124084540350e-01,
          4.1308060354698573e-01, 1.0156216672925189e+00 ]
   avgReprojErr: 5.4043766199058907e-01
   R: !!opencv-matrix
      rows: 3
      cols: 3
      dt: d
      data: [ 1., 0., 0., 0., 1., 0., 0., 0., 1. ]
   T: !!opencv-matrix
      rows: 3
      cols: 1
      dt: d
      data: [ 0., 0., 0. ]
   E: !!opencv-matrix
      rows: 3
      cols: 3
      dt: d
      data: [ 0., 0., 0., 0., 0., 0., 0., 0., 0. ]
   F: !!opencv-matrix
      rows: 3
      cols: 3
      dt: d
      data: [ 0., 0., 0., 0., 0., 0., 0., 0., 0. ]
   avgEpipolarErr: 0.
   colorOrder: BGR
   avgColorErr: 0.
   colorR2: 1.
Samsung:
   imageWidth: 1280
   imageHeight: 800
   responseGamma: 2.2000000000000002e+00
   cameraMatrix: !!opencv-matrix
      rows: 3
      cols: 3
      dt: d
      data: [ 2.1548721515092070e+03, 0., 7.9046747006599981e+02, 0.,
          2.1344686752065486e+03, 1.4281599158448367e+02, 0., 0., 1. ]
   distortionCoeffs: !!opencv-matrix
      rows: 1
      cols: 4
      dt: d
      data: [ 1.6407266694565301e-01, -2.0747529094134343e-01,
          2.6208026064086874e-02, 3.3446660040756380e-02 ]
   extrParams: !!opencv-matrix
      rows: 8
      cols: 6
      dt: d
      data: [ 1.3030107637391178e-01, 3.2811956256107361e-01,
          -3.0919101550305181e+00, 1.9158265483720024e+02,
          2.8455876111016977e+02, 1.0553961839966039e+03,
          1.8370798020385035e-01, 2.2511880919812688e-01,
          -2.2643708703619634e+00, -1.3098950984701062e+01,
          3.5825600438186751e+02, 1.0613004920351279e+03,
          2.0104670162923463e-01, 1.7021376898972737e-01,
          -1.5817283944995486e+00, -3.5025800918777827e+02,
          3.3052578941527628e+02, 1.0370783170658249e+03,
          2.3453045733267472e-01, 6.0216331518493676e-02,
          -1.4608607662073665e+00, 1.8307508844520072e+01,
          3.2147071136846500e+02, 1.0473716478904435e+03,
          1.9432631013708676e-01, -4.2851174525850938e-02,
          -2.3470638413206246e-01, -1.6666281508287170e+02,
          3.5002178050953155e+01, 9.7828509313421171e+02,
          1.9054008891441487e-01, -4.3226103854435025e-02,
          3.4389364370504764e-02, -3.0770447383312137e+02,
          -5.9448428125108578e+01, 9.5423639134112398e+02,
          -8.9077681642098748e-03, -6.8289595524261490e-02,
          7.4132788426565094e-02, -2.4290104666561936e+02,
          -1.3719600581192708e+01, 9.0468970459721618e+02,
          5.7413853601400822e-01, -8.6258726451045931e-02,
          8.1621650395915957e-02, -2.3891370597836951e+02,
          2.1288303129984469e+00, 7.9324476241501191e+02 ]
   reprojErrs: !!opencv-matrix
      rows: 1
      cols: 8
      dt: d
      data: [ 6.9578522873507287e-01, 1.4867430601118341e+00,
          4.6498192464007010e-01, 1.5702156494682478e+00,
          6.8550585966415178e-01, 4.9379884739557672e-01,
          6.3049828716825773e-01, 9.6113557697503338e-01 ]
   avgReprojErr: 8.9820059274586916e-01
   R: !!opencv-matrix
      rows: 3
      cols: 3
      dt: d
      data: [ -9.9656289076343785e-01, 7.7559630070083412e-03,
          8.2475752746211578e-02, 1.9697689866733864e-04,
          -9.9538274179085651e-01, 9.5985199614411418e-02,
          8.2839398557218530e-02, 9.5671533816234652e-02,
          9.9195997482959331e-01 ]
   T: !!opencv-matrix
      rows: 3
      cols: 1
      dt: d
      data: [ -4.6308293486680341e+01, 4.5457117705871035e+01,
          2.7006383070676424e+01 ]
   E: !!opencv-matrix
      rows: 3
      cols: 3
      dt: d
      data: [ 3.7603206573175623e+00, 3.1230639800529872e+01,
          4.2499428265439555e+01, -2.3077408001330305e+01,
          4.6398459743323199e+00, 4.8163345414155437e+01,
          4.5291754962703109e+01, 4.5741912415095577e+01,
          -8.1940207945866170e+00 ]
   F: !!opencv-matrix
      rows: 3
      cols: 3
      dt: d
      data: [ -4.3949371506324573e-08, -3.6421848839903641e-07,
          -3.0507294500896614e-04, 2.7229930924731515e-07,
          -5.4628137389649342e-08, -5.0490342342588107e-04,
          -1.1448402793447473e-03, -8.5381642268419241e-04, 1. ]
   avgEpipolarErr: 1.3315799610671912e+00
   colorOrder: BGR
   avgColorErr: 0.
   colorR2: 1.
